1.0
0.511
0.449
0.53
0.449
0.538
0.405
0.422
0.448
0.456
0.318
0.304
0.471
0.499
0.169
0.555
0.505
0.555
0.517
0.414
0.114
0.034
0.005
0.095
0.075
0.076
0.056
0.067
0.085
0.047
0.033
0.078
0.063
0.028
0.047
0.172
0.046
0.09
0.047
0.102
-0.017
-0.028
0.006
0.062
0.083
0.052
0.099
0.038
0.108
0.006
0.031
0.001
0.094
-0.03
0.062
-0.004
-0.049
0.019
-0.012
0.024
0.143
0.168
0.187
0.089
0.154
0.167
0.179
0.194
0.208
0.193
0.146
0.049
0.194
0.17
0.115
0.149
0.283
0.343
0.157
0.121
0.076
0.027
0.132
0.238
0.154
0.105
0.166
0.078
0.083
0.105
0.315
0.136
0.2
0.343
0.148
0.1
0.187
0.145
0.068
0.198
0.511
1.0
0.461
0.969
0.436
0.58
0.35
0.532
0.505
0.525
0.327
0.404
0.548
0.439
0.121
0.512
0.436
0.524
0.567
0.368
0.003
-0.031
-0.064
0.026
0.006
0.02
-0.008
-0.021
0.042
0.037
-0.02
-0.016
0.017
0.076
0.029
0.0
-0.021
-0.0
0.031
0.056
0.027
0.021
-0.006
0.037
0.018
0.048
0.026
0.014
0.056
-0.036
0.032
-0.03
0.043
0.033
0.095
0.029
-0.01
0.09
0.082
-0.021
0.125
0.091
0.057
0.089
0.088
0.12
0.124
0.135
0.039
0.039
0.081
0.049
0.145
0.114
0.071
0.115
0.131
0.232
0.076
0.091
0.059
0.067
0.063
0.166
0.097
0.092
-0.004
0.1
0.045
0.164
0.268
0.067
0.103
0.299
0.077
0.035
0.173
0.057
0.03
0.096
0.449
0.461
1.0
0.484
0.354
0.58
0.484
0.323
0.364
0.38
0.329
0.248
0.534
0.555
0.242
0.465
0.568
0.468
0.399
0.322
0.066
0.063
-0.001
0.039
0.076
0.092
0.062
0.044
0.054
0.037
0.03
0.003
0.107
0.087
0.015
0.018
0.002
0.003
0.041
0.096
0.021
-0.013
0.007
0.016
0.038
0.003
0.033
0.025
0.046
-0.004
0.01
-0.033
0.053
0.016
0.035
-0.085
0.019
0.042
-0.021
0.023
0.138
0.187
0.128
0.114
0.194
0.155
0.178
0.163
0.128
0.092
0.127
0.158
0.092
0.114
0.115
0.184
0.139
0.198
0.179
0.187
0.054
0.082
0.14
0.205
0.123
0.099
0.115
0.149
0.116
0.122
0.226
0.118
0.163
0.318
0.113
0.177
0.184
-0.012
0.058
0.163
0.53
0.969
0.484
1.0
0.427
0.591
0.371
0.514
0.516
0.572
0.336
0.388
0.551
0.47
0.132
0.523
0.497
0.532
0.58
0.386
-0.008
-0.036
-0.073
0.028
0.02
0.012
-0.022
-0.033
0.041
0.027
-0.015
-0.02
0.027
0.073
0.02
0.006
-0.024
-0.018
0.024
0.039
0.04
0.013
-0.003
0.04
0.037
0.048
0.025
0.006
0.052
-0.044
0.018
-0.052
0.023
0.05
0.116
0.029
-0.012
0.072
0.047
-0.009
0.119
0.112
0.066
0.117
0.092
0.13
0.099
0.145
0.048
0.043
0.088
0.069
0.139
0.119
0.071
0.146
0.146
0.25
0.076
0.102
0.08
0.062
0.076
0.187
0.089
0.11
0.01
0.11
0.045
0.175
0.274
0.072
0.11
0.291
0.083
0.047
0.181
0.077
0.027
0.129
0.449
0.436
0.354
0.427
1.0
0.372
0.204
0.344
0.419
0.411
0.313
0.3
0.32
0.392
0.209
0.375
0.376
0.379
0.35
0.302
0.092
0.004
0.011
0.074
0.006
0.052
0.039
0.043
0.047
0.024
0.055
0.119
0.121
0.063
0.018
0.112
0.077
0.111
0.134
0.021
-0.037
-0.022
-0.012
0.104
0.06
0.061
0.127
0.11
0.186
0.038
-0.024
-0.01
0.104
-0.006
0.104
0.049
-0.074
-0.032
0.066
0.006
0.173
0.065
0.08
0.138
0.183
0.175
0.096
0.171
0.088
0.131
0.101
0.04
0.054
0.06
0.055
0.211
0.082
0.232
0.106
0.154
0.151
0.022
-0.0
0.178
0.061
0.136
0.161
0.121
-0.033
0.092
0.258
0.043
0.193
0.281
0.12
0.216
0.149
0.205
0.029
0.128
0.538
0.58
0.58
0.591
0.372
1.0
0.517
0.458
0.424
0.446
0.364
0.356
0.711
0.528
0.181
0.597
0.526
0.628
0.581
0.37
0.03
0.028
-0.004
0.015
0.004
0.045
0.027
0.032
0.06
0.033
0.016
0.013
0.068
0.101
-0.003
0.063
-0.019
0.004
0.024
0.055
-0.02
0.009
0.023
0.037
0.049
0.037
0.057
0.135
0.131
0.047
-0.035
0.083
0.113
0.085
0.051
-0.043
-0.005
0.072
0.029
-0.07
0.079
0.126
0.069
0.148
0.084
0.224
0.148
0.152
0.083
0.027
0.09
0.08
0.101
0.109
0.03
0.122
0.154
0.206
0.13
0.171
0.102
0.096
0.129
0.235
0.133
0.06
0.082
0.095
0.131
0.057
0.288
0.113
0.105
0.299
0.164
0.103
0.235
0.031
0.067
0.189
0.405
0.35
0.484
0.371
0.204
0.517
1.0
0.269
0.335
0.383
0.334
0.239
0.506
0.378
0.286
0.434
0.402
0.406
0.374
0.194
0.069
0.006
-0.037
0.025
0.031
0.011
0.008
0.002
0.026
0.026
-0.009
0.008
0.073
0.056
0.042
0.045
-0.009
0.0
0.014
0.039
0.013
-0.006
0.078
0.075
0.066
0.008
0.099
0.008
0.036
-0.028
-0.003
-0.018
-0.03
0.014
0.047
0.01
0.014
0.094
0.039
-0.011
0.221
0.202
0.22
0.171
0.267
0.202
0.257
0.32
0.265
0.223
0.166
0.269
0.188
0.191
0.241
0.261
0.306
0.327
0.387
0.293
0.008
0.014
0.013
0.149
0.085
0.049
0.084
0.035
0.064
0.079
0.258
0.037
0.081
0.289
0.145
0.014
0.1
-0.034
0.014
0.175
0.422
0.532
0.323
0.514
0.344
0.458
0.269
1.0
0.392
0.383
0.315
0.29
0.472
0.376
0.237
0.444
0.369
0.421
0.496
0.395
0.088
0.076
0.027
-0.026
0.107
0.061
0.047
0.017
0.025
0.028
0.079
0.03
0.117
0.041
0.001
0.109
0.052
0.036
0.01
0.076
0.052
0.085
0.092
0.045
0.027
0.032
0.017
0.039
0.098
0.012
0.004
-0.016
0.05
-0.007
0.051
0.095
0.083
0.085
0.064
0.04
0.217
0.127
0.079
0.086
0.148
0.118
0.125
0.094
0.11
0.088
0.12
0.076
0.104
0.191
0.187
0.22
0.145
0.208
0.155
0.104
0.083
0.019
0.065
0.1
0.009
0.08
-0.0
-0.04
-0.027
0.043
0.262
-0.012
0.181
0.149
0.01
0.108
0.061
-0.0
-0.064
0.122
0.448
0.505
0.364
0.516
0.419
0.424
0.335
0.392
1.0
0.954
0.389
0.251
0.44
0.41
0.208
0.401
0.43
0.399
0.498
0.389
0.083
-0.055
-0.041
-0.027
0.015
0.055
0.007
0.062
-0.033
0.023
-0.016
0.0
0.02
0.109
0.064
-0.011
-0.054
-0.003
-0.036
0.024
0.014
0.016
0.006
0.052
0.095
0.021
0.12
0.039
0.106
-0.051
0.008
-0.077
0.0
-0.019
0.049
0.105
0.037
-0.009
0.098
0.067
0.206
0.19
0.117
0.134
0.093
0.189
0.145
0.204
0.069
0.096
0.077
0.047
0.15
0.136
0.093
0.218
0.227
0.226
0.106
0.12
0.107
0.06
0.07
0.13
0.063
0.093
0.114
0.082
0.083
0.122
0.306
0.056
0.116
0.28
0.039
0.049
0.09
0.163
0.082
0.147
0.456
0.525
0.38
0.572
0.411
0.446
0.383
0.383
0.954
1.0
0.389
0.278
0.446
0.448
0.213
0.386
0.501
0.382
0.496
0.395
0.058
-0.063
-0.041
-0.016
0.038
0.062
0.009
0.038
-0.025
0.02
-0.0
0.005
0.044
0.098
0.063
0.014
-0.044
-0.005
-0.036
-0.013
0.01
0.007
0.021
0.055
0.086
0.01
0.105
0.04
0.087
-0.047
0.011
-0.088
0.003
0.007
0.064
0.101
0.036
-0.01
0.055
0.077
0.2
0.189
0.128
0.155
0.088
0.192
0.156
0.204
0.063
0.076
0.061
0.08
0.136
0.173
0.091
0.247
0.258
0.247
0.126
0.138
0.125
0.069
0.101
0.146
0.08
0.121
0.11
0.118
0.059
0.147
0.306
0.074
0.109
0.272
0.04
0.065
0.099
0.133
0.085
0.168
0.318
0.327
0.329
0.336
0.313
0.364
0.334
0.315
0.389
0.389
1.0
0.273
0.329
0.293
0.186
0.384
0.293
0.373
0.307
0.161
0.05
-0.001
-0.061
0.013
0.015
0.008
-0.041
0.063
-0.001
-0.019
-0.024
-0.038
0.041
0.158
-0.011
-0.01
-0.078
0.009
0.078
0.065
-0.013
-0.086
0.01
-0.038
0.028
0.027
0.089
0.024
0.068
-0.008
-0.032
-0.037
0.05
0.003
0.058
0.004
-0.032
0.013
0.028
-0.002
0.199
0.249
0.209
0.258
0.21
0.234
0.248
0.254
0.222
0.164
0.165
0.125
0.123
0.237
0.145
0.235
0.189
0.188
0.196
0.147
0.134
0.168
0.141
0.222
0.173
0.224
0.146
0.298
0.157
0.134
0.279
0.092
0.273
0.234
0.22
0.159
0.22
0.171
0.163
0.159
0.304
0.404
0.248
0.388
0.3
0.356
0.239
0.29
0.251
0.278
0.273
1.0
0.226
0.317
0.173
0.23
0.29
0.201
0.367
0.233
-0.011
0.017
-0.051
0.01
0.051
0.052
0.02
0.041
0.065
-0.003
-0.023
-0.004
0.051
0.092
0.057
-0.0
-0.002
-0.011
0.019
0.019
0.007
0.048
0.077
0.029
0.153
0.027
0.041
0.105
0.021
0.012
-0.018
0.091
0.179
0.213
0.099
-0.01
0.091
0.122
-0.045
-0.01
0.089
0.112
0.079
0.153
0.066
0.187
0.122
0.173
0.022
0.052
0.024
0.082
0.152
0.173
0.053
0.148
0.177
0.197
0.086
0.15
0.136
0.127
0.055
0.154
0.107
0.061
0.063
0.071
0.104
0.171
0.18
0.063
0.169
0.125
0.124
0.143
0.203
0.066
0.072
0.144
0.471
0.548
0.534
0.551
0.32
0.711
0.506
0.472
0.44
0.446
0.329
0.226
1.0
0.451
0.202
0.554
0.439
0.58
0.549
0.352
0.032
0.023
-0.008
0.0
0.03
0.03
0.001
0.051
0.029
0.001
0.026
-0.003
0.055
0.052
0.018
0.081
-0.008
-0.01
0.052
0.04
0.008
0.001
0.032
-0.023
0.048
0.013
0.055
0.084
0.094
-0.006
-0.042
0.024
0.086
0.052
0.054
-0.039
-0.053
0.04
0.026
-0.022
0.177
0.162
0.115
0.11
0.131
0.186
0.201
0.192
0.191
0.111
0.153
0.106
0.109
0.179
0.101
0.131
0.207
0.207
0.242
0.217
0.087
0.084
0.088
0.238
0.053
0.073
0.048
0.168
0.123
0.055
0.301
0.1
0.138
0.29
0.107
0.1
0.139
0.036
0.086
0.163
0.499
0.439
0.555
0.47
0.392
0.528
0.378
0.376
0.41
0.448
0.293
0.317
0.451
1.0
0.439
0.517
0.959
0.514
0.423
0.379
0.036
0.059
-0.023
0.069
0.01
0.047
0.015
0.007
0.09
0.06
-0.048
0.014
0.025
0.083
-0.0
0.055
-0.004
0.052
0.081
0.087
-0.007
0.034
0.035
0.038
0.088
0.078
0.09
-0.011
0.075
-0.026
-0.01
-0.022
0.071
0.054
0.093
0.007
0.029
0.098
-0.03
0.027
0.089
0.123
0.152
0.19
0.139
0.118
0.175
0.122
0.088
0.083
0.143
0.005
0.073
0.164
0.048
0.198
0.17
0.173
0.1
0.187
0.155
0.071
0.145
0.172
0.112
0.126
0.109
0.148
0.134
0.208
0.22
0.169
0.248
0.287
0.087
0.114
0.095
0.117
0.106
0.211
0.169
0.121
0.242
0.132
0.209
0.181
0.286
0.237
0.208
0.213
0.186
0.173
0.202
0.439
1.0
0.137
0.422
0.14
0.162
0.185
0.079
0.115
0.037
0.123
0.153
0.098
0.101
0.042
0.015
0.149
0.074
0.096
0.152
0.042
0.03
0.083
0.061
0.05
0.114
0.106
-0.03
0.065
0.055
0.096
0.082
-0.019
0.053
-0.017
-0.003
-0.053
-0.073
-0.043
0.041
0.035
-0.034
-0.065
-0.029
0.059
0.044
0.007
0.178
0.148
0.195
0.138
0.208
0.14
0.248
0.332
0.242
0.153
0.188
0.137
0.095
0.272
0.099
0.112
0.091
0.21
0.219
0.235
0.121
-0.007
0.103
0.129
0.112
0.099
0.147
0.086
0.114
0.274
0.211
0.126
0.26
0.198
0.053
0.158
0.13
0.077
0.066
0.212
0.555
0.512
0.465
0.523
0.375
0.597
0.434
0.444
0.401
0.386
0.384
0.23
0.554
0.517
0.137
1.0
0.499
0.954
0.51
0.364
0.004
-0.027
-0.017
0.08
-0.005
0.043
0.054
0.072
0.052
-0.019
0.018
-0.007
0.068
0.188
-0.022
0.045
-0.06
0.084
0.109
0.077
0.034
-0.005
0.021
0.06
0.093
0.084
0.096
0.062
0.139
0.018
-0.007
0.033
0.097
0.022
0.092
0.114
-0.013
0.102
0.025
0.018
0.055
0.088
0.097
0.119
0.076
0.118
0.167
0.161
0.101
0.049
0.172
0.057
0.076
0.092
0.081
0.149
0.157
0.21
0.099
0.098
0.04
0.099
0.124
0.166
-0.036
0.171
0.077
0.104
0.09
0.15
0.265
0.136
0.168
0.275
0.183
0.086
0.104
0.04
0.076
0.148
0.505
0.436
0.568
0.497
0.376
0.526
0.402
0.369
0.43
0.501
0.293
0.29
0.439
0.959
0.422
0.499
1.0
0.491
0.436
0.398
0.012
0.044
-0.02
0.056
0.014
0.047
0.011
-0.003
0.077
0.047
-0.04
0.016
0.042
0.07
-0.008
0.04
-0.025
0.017
0.084
0.08
0.017
0.021
0.03
0.049
0.088
0.07
0.091
-0.006
0.073
-0.015
-0.011
-0.033
0.049
0.08
0.109
0.002
0.022
0.083
-0.038
0.037
0.083
0.142
0.164
0.2
0.142
0.122
0.159
0.127
0.102
0.083
0.154
0.037
0.088
0.179
0.059
0.216
0.185
0.21
0.112
0.198
0.15
0.054
0.156
0.183
0.126
0.133
0.113
0.168
0.129
0.205
0.237
0.138
0.24
0.289
0.078
0.098
0.107
0.091
0.082
0.221
0.555
0.524
0.468
0.532
0.379
0.628
0.406
0.421
0.399
0.382
0.373
0.201
0.58
0.514
0.14
0.954
0.491
1.0
0.535
0.348
-0.019
-0.053
-0.044
0.066
-0.036
0.019
0.019
0.068
0.037
-0.041
-0.013
-0.031
0.049
0.174
-0.042
0.029
-0.068
0.056
0.094
0.067
0.015
-0.011
0.014
0.051
0.085
0.056
0.061
0.046
0.119
0.008
-0.006
0.019
0.083
-0.003
0.043
0.069
-0.043
0.082
0.011
-0.001
0.03
0.078
0.074
0.113
0.073
0.13
0.143
0.139
0.138
0.036
0.173
0.032
0.086
0.055
0.054
0.095
0.132
0.201
0.077
0.091
0.066
0.12
0.127
0.18
-0.018
0.178
0.076
0.099
0.104
0.142
0.294
0.141
0.147
0.276
0.196
0.09
0.121
0.068
0.08
0.138
0.517
0.567
0.399
0.58
0.35
0.581
0.374
0.496
0.498
0.496
0.307
0.367
0.549
0.423
0.162
0.51
0.436
0.535
1.0
0.349
0.024
0.046
-0.026
0.022
-0.011
0.007
-0.01
0.013
0.016
-0.049
0.012
-0.026
0.056
0.119
0.033
-0.003
-0.01
-0.022
-0.017
0.056
0.01
0.06
0.081
0.146
0.032
0.065
0.036
0.119
0.089
0.06
-0.005
0.097
0.145
0.008
0.086
0.037
0.09
0.009
0.059
-0.009
0.055
0.101
0.043
0.127
0.07
0.108
0.049
0.133
0.045
0.073
0.165
0.053
0.161
0.207
0.044
0.036
0.188
0.181
0.073
0.079
0.086
0.092
0.138
0.211
0.065
0.113
0.044
0.096
0.167
0.178
0.385
0.091
0.216
0.258
0.19
0.088
0.216
0.076
0.109
0.168
0.414
0.368
0.322
0.386
0.302
0.37
0.194
0.395
0.389
0.395
0.161
0.233
0.352
0.379
0.185
0.364
0.398
0.348
0.349
1.0
0.003
0.036
0.017
0.041
0.064
0.089
0.065
0.022
0.084
0.074
0.008
0.053
0.084
0.057
0.023
0.034
0.006
-0.004
0.131
0.15
0.023
0.05
-0.007
-0.021
0.175
0.031
0.041
0.018
0.157
-0.042
-0.052
-0.061
0.037
0.066
0.037
0.136
0.012
0.014
0.026
0.026
0.011
0.02
0.085
0.008
0.058
0.032
0.069
0.097
0.079
0.013
0.049
-0.012
0.044
0.106
-0.015
0.086
0.071
0.154
0.041
0.052
0.005
0.067
0.075
0.128
0.056
0.066
0.062
-0.036
0.039
0.163
0.207
0.058
0.206
0.211
0.063
0.236
0.107
0.081
0.127
0.152
0.114
0.003
0.066
-0.008
0.092
0.03
0.069
0.088
0.083
0.058
0.05
-0.011
0.032
0.036
0.079
0.004
0.012
-0.019
0.024
0.003
1.0
0.399
0.281
0.086
0.245
0.183
0.201
0.114
0.151
0.242
0.23
0.24
0.194
0.152
0.326
0.217
0.232
0.303
0.206
0.254
-0.017
0.019
-0.033
0.017
0.023
0.036
0.124
0.057
0.027
-0.001
0.045
0.02
-0.0
-0.043
0.055
0.013
0.023
-0.021
0.039
0.088
0.147
0.142
0.143
0.031
0.146
0.034
0.126
0.071
0.185
0.222
0.055
0.13
0.085
0.053
0.136
0.081
0.076
0.102
0.177
0.093
0.114
-0.012
-0.006
0.067
0.015
-0.002
0.139
-0.058
-0.05
-0.002
-0.001
-0.001
0.033
0.037
0.007
-0.011
-0.037
-0.007
-0.019
-0.014
0.034
-0.031
0.063
-0.036
0.004
0.028
0.006
0.076
-0.055
-0.063
-0.001
0.017
0.023
0.059
0.115
-0.027
0.044
-0.053
0.046
0.036
0.399
1.0
0.508
0.101
0.509
0.381
0.4
0.203
0.275
0.372
0.38
0.479
0.405
0.16
0.175
0.373
0.363
0.267
0.219
0.212
0.035
-0.0
-0.001
0.049
0.043
0.062
0.113
0.028
0.079
0.048
-0.004
0.035
0.009
-0.01
0.018
0.048
0.079
0.047
-0.028
0.089
0.059
0.034
0.218
0.091
0.145
0.036
0.22
0.076
0.161
0.181
-0.01
0.121
0.162
0.166
0.058
0.005
0.172
0.158
0.156
0.143
0.031
-0.006
-0.039
0.095
0.004
0.006
0.064
-0.055
0.057
0.035
-0.044
0.008
0.069
0.091
0.041
-0.002
-0.028
-0.038
-0.009
0.087
0.005
-0.064
-0.001
-0.073
0.011
-0.004
-0.037
0.027
-0.041
-0.041
-0.061
-0.051
-0.008
-0.023
0.037
-0.017
-0.02
-0.044
-0.026
0.017
0.281
0.508
1.0
0.212
0.572
0.622
0.684
0.468
0.337
0.632
0.649
0.714
0.564
0.117
0.158
0.334
0.321
0.213
0.249
0.355
0.097
0.02
-0.02
0.024
0.019
0.028
0.091
0.03
0.085
0.139
0.087
0.124
0.059
0.041
-0.027
0.064
-0.03
0.109
0.008
0.012
0.034
0.021
0.13
-0.007
0.127
0.048
0.177
-0.051
0.117
0.116
0.037
0.128
0.048
-0.06
0.018
0.065
0.063
0.06
0.086
0.086
0.027
-0.042
-0.009
-0.048
-0.102
0.022
0.036
-0.016
0.005
0.001
-0.052
0.006
-0.007
0.013
-0.024
-0.007
-0.097
-0.034
-0.038
-0.036
0.095
0.026
0.039
0.028
0.074
0.015
0.025
-0.026
-0.027
-0.016
0.013
0.01
0.0
0.069
0.123
0.08
0.056
0.066
0.022
0.041
0.086
0.101
0.212
1.0
0.169
0.191
0.217
0.28
0.332
0.325
0.248
0.177
0.232
0.046
0.088
0.189
0.116
0.103
0.134
0.387
0.087
-0.003
-0.023
-0.04
-0.152
0.044
-0.085
-0.015
-0.067
-0.006
-0.029
-0.057
0.043
-0.047
0.028
-0.1
-0.016
-0.026
-0.033
0.074
0.057
0.009
0.063
0.067
0.141
0.035
0.102
0.02
0.062
0.109
0.056
0.098
0.043
-0.056
-0.015
-0.035
0.016
0.073
0.006
-0.051
0.128
0.015
0.034
0.078
0.087
0.002
0.168
0.074
0.035
0.046
-0.071
0.151
0.088
0.067
0.019
0.075
0.069
0.012
0.008
0.1
0.075
0.006
0.076
0.02
0.006
0.004
0.031
0.107
0.015
0.038
0.015
0.051
0.03
0.01
0.153
-0.005
0.014
-0.036
-0.011
0.064
0.245
0.509
0.572
0.169
1.0
0.776
0.766
0.342
0.315
0.473
0.67
0.591
0.508
0.093
0.131
0.398
0.313
0.187
0.249
0.35
0.047
-0.009
0.036
0.038
0.026
-0.028
0.101
0.018
0.019
0.028
0.041
0.02
0.013
0.059
0.026
0.021
0.036
0.046
-0.041
0.059
0.133
0.052
0.206
0.067
0.121
0.108
0.223
0.066
0.204
0.173
-0.007
0.193
0.127
0.111
0.095
0.096
0.145
0.19
0.207
0.113
-0.012
-0.078
-0.035
0.006
-0.111
0.002
0.001
-0.089
-0.033
0.021
-0.018
0.009
0.038
0.033
-0.026
-0.006
-0.056
-0.071
-0.078
0.076
0.076
0.02
0.092
0.012
0.052
0.045
0.011
0.061
0.055
0.062
0.008
0.052
0.03
0.047
0.098
0.043
0.047
0.019
0.007
0.089
0.183
0.381
0.622
0.191
0.776
1.0
0.918
0.493
0.339
0.449
0.672
0.655
0.571
0.06
0.12
0.341
0.291
0.215
0.277
0.325
0.052
-0.024
0.019
-0.024
0.021
0.0
0.112
0.052
0.095
0.088
0.063
0.042
0.093
0.061
0.061
0.031
0.011
0.07
-0.074
0.043
0.096
0.043
0.14
0.021
0.062
0.084
0.18
0.053
0.126
0.107
0.012
0.124
0.082
0.031
0.041
0.082
0.11
0.103
0.11
0.094
0.023
-0.028
-0.009
-0.025
-0.13
0.028
0.025
-0.003
0.032
0.005
-0.004
0.041
0.065
0.029
-0.008
0.052
-0.06
-0.065
-0.051
0.082
0.056
-0.008
0.062
-0.022
0.039
0.027
0.008
0.047
0.007
0.009
-0.041
0.02
0.001
0.015
0.101
0.054
0.011
0.019
-0.01
0.065
0.201
0.4
0.684
0.217
0.766
0.918
1.0
0.486
0.366
0.526
0.704
0.7
0.563
0.085
0.163
0.367
0.3
0.2
0.31
0.358
0.064
0.005
0.007
-0.009
-0.017
-0.025
0.101
0.063
0.072
0.096
0.052
0.055
0.097
0.031
0.067
0.037
-0.012
0.114
-0.034
0.03
0.056
-0.01
0.135
-0.037
0.044
0.043
0.174
-0.018
0.104
0.071
-0.002
0.142
0.041
-0.02
0.04
0.064
0.083
0.105
0.116
0.062
0.023
-0.067
-0.023
-0.05
-0.148
-0.012
-0.004
-0.042
-0.032
-0.022
-0.046
0.016
0.014
-0.023
-0.048
0.026
-0.044
-0.108
-0.086
0.014
0.067
-0.021
0.044
-0.033
0.043
0.032
0.002
0.017
0.062
0.038
0.063
0.041
0.051
0.007
0.042
0.072
-0.003
0.068
0.013
0.022
0.114
0.203
0.468
0.28
0.342
0.493
0.486
1.0
0.395
0.369
0.419
0.5
0.363
0.135
0.122
0.292
0.223
0.199
0.241
0.348
0.017
0.017
-0.037
-0.022
-0.054
-0.069
0.035
0.051
0.027
0.037
0.028
0.02
0.105
-0.059
-0.01
0.049
0.072
0.056
0.048
0.004
0.062
-0.012
0.172
0.052
0.046
0.09
0.122
0.028
0.16
0.123
-0.034
0.063
0.094
-0.04
0.003
0.046
0.034
0.107
-0.0
0.015
0.012
0.091
-0.021
0.02
-0.054
0.026
0.11
0.093
0.103
0.109
-0.006
0.094
-0.005
0.071
0.036
0.04
-0.094
-0.049
0.064
0.052
0.085
0.042
0.054
0.041
0.047
0.06
0.026
0.025
-0.033
-0.025
-0.001
0.065
0.029
0.09
0.015
0.052
0.077
0.037
0.016
0.084
0.151
0.275
0.337
0.332
0.315
0.339
0.366
0.395
1.0
0.542
0.345
0.393
0.292
0.072
0.147
0.294
0.211
0.247
0.229
0.299
0.125
-0.012
-0.031
-0.054
-0.023
-0.03
0.011
-0.003
0.043
0.002
0.023
-0.01
0.056
-0.014
0.051
0.051
0.074
0.071
0.003
0.057
0.025
0.042
0.156
0.076
0.125
0.034
0.158
0.023
0.091
0.089
0.039
0.103
0.111
0.012
-0.001
0.067
0.093
0.083
0.057
0.054
-0.045
0.037
0.073
0.088
-0.065
0.08
0.167
-0.014
-0.031
-0.001
-0.043
0.057
0.116
0.036
0.058
0.047
0.043
-0.038
0.023
0.035
0.047
0.037
0.037
0.027
0.024
0.033
0.026
0.028
0.023
0.02
-0.019
-0.003
0.001
0.06
0.149
-0.019
0.047
-0.041
-0.049
0.074
0.242
0.372
0.632
0.325
0.473
0.449
0.526
0.369
0.542
1.0
0.496
0.484
0.449
0.114
0.178
0.252
0.227
0.18
0.242
0.517
0.059
0.031
0.001
-0.026
-0.06
0.043
0.02
-0.024
0.027
0.072
0.033
0.049
-0.053
-0.029
-0.018
0.043
-0.035
0.046
0.034
-0.022
0.145
0.06
0.166
0.029
0.137
0.037
0.227
0.052
0.178
0.116
0.012
0.127
0.123
-0.028
0.097
0.094
0.075
0.117
0.158
0.091
0.006
-0.026
-0.001
-0.036
-0.096
0.022
0.05
-0.028
0.007
0.062
-0.071
0.02
0.106
0.079
-0.038
0.033
-0.015
-0.029
0.015
-0.025
0.033
-0.02
0.03
-0.015
0.055
0.016
-0.009
0.079
-0.016
-0.0
-0.024
-0.023
0.026
-0.048
0.074
0.018
-0.04
-0.013
0.012
0.008
0.23
0.38
0.649
0.248
0.67
0.672
0.704
0.419
0.345
0.496
1.0
0.615
0.664
0.127
0.134
0.416
0.307
0.222
0.259
0.356
0.114
-0.028
-0.051
0.017
-0.018
0.004
0.053
0.078
0.053
0.083
0.077
0.035
0.054
0.015
0.003
0.005
-0.036
0.053
-0.023
0.013
0.133
0.03
0.115
0.04
0.131
0.066
0.195
0.058
0.134
0.142
0.058
0.169
0.055
0.002
0.061
0.022
0.089
0.098
0.107
0.061
-0.024
-0.036
0.032
-0.023
-0.102
-0.004
0.024
-0.01
-0.035
-0.024
-0.009
0.012
0.038
0.013
-0.008
0.027
-0.073
-0.046
-0.068
-0.009
0.078
-0.016
0.003
-0.02
0.119
0.013
0.008
0.03
0.0
0.005
-0.038
-0.004
-0.003
0.014
0.096
-0.007
0.016
-0.031
-0.026
0.053
0.24
0.479
0.714
0.177
0.591
0.655
0.7
0.5
0.393
0.484
0.615
1.0
0.538
0.131
0.157
0.464
0.416
0.245
0.269
0.322
0.048
-0.038
-0.03
0.049
0.048
0.016
0.122
0.022
0.062
0.124
0.039
0.079
0.019
0.041
0.032
0.08
-0.021
0.066
-0.049
0.009
0.046
-0.02
0.129
-0.018
0.107
0.067
0.169
0.014
0.115
0.123
-0.023
0.109
0.046
0.001
0.035
0.028
0.114
0.105
0.11
0.097
-0.026
-0.007
-0.048
0.023
-0.079
-0.073
0.035
-0.002
-0.012
-0.068
0.0
0.041
0.03
0.038
-0.003
-0.003
-0.107
-0.026
-0.027
-0.001
0.063
0.017
0.107
0.027
0.121
0.068
0.073
0.117
0.02
0.044
0.041
0.051
0.055
0.025
0.152
0.068
0.042
0.049
0.056
0.084
0.194
0.405
0.564
0.232
0.508
0.571
0.563
0.363
0.292
0.449
0.664
0.538
1.0
0.15
0.045
0.377
0.326
0.243
0.251
0.325
0.082
-0.021
0.056
0.009
0.014
0.047
0.077
0.065
0.108
0.115
0.064
0.026
0.044
-0.028
-0.012
-0.01
0.02
0.1
-0.096
0.059
0.133
0.05
0.097
0.099
0.23
0.13
0.237
0.102
0.183
0.209
0.05
0.174
0.148
0.11
0.058
0.075
0.128
0.188
0.186
0.179
0.111
0.099
-0.026
0.116
-0.084
0.097
0.059
-0.04
0.064
0.039
0.059
0.07
0.086
0.057
0.039
0.148
0.03
-0.055
-0.119
0.074
0.028
0.076
0.087
0.073
0.063
0.101
0.056
0.041
0.109
0.098
0.158
0.092
0.052
0.083
0.042
0.188
0.07
0.174
0.119
0.057
0.152
0.16
0.117
0.046
0.093
0.06
0.085
0.135
0.072
0.114
0.127
0.131
0.15
1.0
0.084
0.103
0.12
0.099
0.332
0.161
0.028
0.046
0.019
0.023
-0.016
-0.021
-0.013
0.031
-0.028
-0.062
0.023
-0.005
-0.005
-0.085
0.028
0.051
0.074
0.062
0.161
-0.027
0.129
0.042
0.062
0.049
0.059
0.039
0.066
0.105
0.14
-0.006
0.07
0.102
-0.012
0.103
0.2
0.034
0.035
0.01
0.13
0.051
0.112
0.07
0.028
0.079
0.043
0.047
0.174
0.106
0.11
0.053
0.018
-0.004
0.033
0.091
0.059
-0.011
0.061
-0.038
0.041
0.019
0.047
0.029
0.015
0.02
0.018
-0.003
0.042
0.001
0.064
0.063
-0.011
0.057
0.018
-0.0
0.03
-0.022
-0.008
-0.042
0.033
0.023
0.326
0.175
0.158
0.088
0.131
0.12
0.163
0.122
0.147
0.178
0.134
0.157
0.045
0.084
1.0
0.09
0.142
0.117
0.16
0.158
0.044
0.027
-0.011
-0.034
0.028
-0.05
0.039
0.052
0.064
-0.006
0.015
0.061
0.043
0.002
0.08
0.051
0.023
0.015
0.115
-0.002
0.056
0.024
0.215
-0.079
0.033
0.023
0.086
0.004
0.143
0.077
-0.069
0.108
0.029
0.017
0.113
0.058
0.029
0.113
0.144
0.055
0.027
0.005
-0.037
0.06
0.062
0.035
0.016
-0.041
-0.004
0.041
0.071
0.126
0.065
0.027
0.012
-0.003
0.046
0.007
0.015
-0.005
0.172
0.0
0.018
0.006
0.112
0.063
0.045
0.109
-0.011
0.014
-0.01
-0.0
0.081
0.055
0.083
0.045
0.04
0.029
-0.003
0.034
0.217
0.373
0.334
0.189
0.398
0.341
0.367
0.292
0.294
0.252
0.416
0.464
0.377
0.103
0.09
1.0
0.61
0.289
0.255
0.147
-0.009
-0.034
0.016
-0.003
0.046
0.06
0.129
0.137
0.123
0.1
0.03
0.064
0.093
0.037
0.03
0.081
-0.016
0.009
-0.027
0.058
0.012
-0.007
0.163
0.056
0.006
0.095
0.212
0.067
0.101
0.152
0.073
0.118
0.155
0.077
-0.009
0.097
0.11
0.205
0.11
0.095
0.049
0.011
0.04
0.232
-0.01
0.067
0.042
-0.01
0.018
-0.011
-0.0
0.109
0.039
0.11
0.058
0.013
-0.071
0.014
-0.032
0.094
0.046
-0.021
0.002
-0.024
0.077
-0.019
-0.009
0.052
-0.054
-0.044
-0.078
-0.002
-0.008
-0.004
0.061
-0.06
-0.025
-0.068
-0.01
0.006
0.232
0.363
0.321
0.116
0.313
0.291
0.3
0.223
0.211
0.227
0.307
0.416
0.326
0.12
0.142
0.61
1.0
0.22
0.236
0.138
0.072
0.114
0.082
0.055
0.054
0.03
0.105
0.081
0.11
0.054
0.091
0.032
0.067
0.014
0.109
0.101
0.078
0.066
-0.045
0.088
-0.059
-0.019
0.069
0.026
0.021
0.065
0.178
0.013
0.072
0.13
-0.026
0.136
0.073
0.057
-0.002
0.014
0.095
0.081
0.05
0.098
-0.024
0.024
-0.038
0.221
-0.01
0.028
0.056
-0.051
0.003
0.014
-0.028
0.029
0.06
0.06
0.062
0.004
-0.082
-0.048
-0.042
0.041
0.09
-0.0
0.003
-0.018
0.111
0.004
0.0
0.036
-0.003
-0.005
0.009
-0.011
-0.01
0.052
0.05
0.084
0.017
0.056
-0.022
-0.004
0.303
0.267
0.213
0.103
0.187
0.215
0.2
0.199
0.247
0.18
0.222
0.245
0.243
0.099
0.117
0.289
0.22
1.0
0.284
0.108
0.004
0.023
0.053
0.034
0.052
0.097
0.097
0.04
0.096
0.082
-0.001
0.003
0.004
-0.033
-0.014
0.073
0.031
0.034
0.025
0.062
-0.012
-0.025
0.106
-0.009
0.027
-0.003
0.124
0.036
0.098
0.151
0.008
0.043
0.102
0.031
-0.0
0.023
0.074
0.152
0.011
0.065
0.025
0.002
0.011
0.03
0.054
0.091
0.102
0.138
-0.033
0.006
-0.01
0.047
0.061
0.046
0.017
-0.005
-0.019
0.001
0.011
-0.026
0.047
0.031
0.041
0.024
0.134
0.024
0.014
0.01
-0.036
-0.036
0.078
0.019
0.052
0.081
0.114
0.109
0.084
0.094
-0.017
0.131
0.206
0.219
0.249
0.134
0.249
0.277
0.31
0.241
0.229
0.242
0.259
0.269
0.251
0.332
0.16
0.255
0.236
0.284
1.0
0.312
-0.054
-0.013
-0.067
-0.047
-0.028
0.019
-0.031
0.044
0.001
0.016
0.038
0.081
0.04
0.015
0.081
-0.024
-0.048
0.008
-0.031
-0.047
0.074
-0.022
0.173
0.009
0.085
0.072
0.136
0.111
0.276
0.145
0.079
0.136
0.097
0.018
0.116
0.075
0.025
0.112
0.189
0.17
0.041
0.015
-0.019
0.032
-0.034
0.053
0.072
0.08
0.041
0.029
0.011
0.042
0.124
-0.024
0.052
0.107
-0.011
-0.009
-0.007
0.047
0.102
0.056
0.096
0.039
0.021
0.055
0.039
0.076
0.024
-0.013
0.065
0.019
0.04
0.087
0.106
0.077
0.08
0.067
0.056
0.15
0.254
0.212
0.355
0.387
0.35
0.325
0.358
0.348
0.299
0.517
0.356
0.322
0.325
0.161
0.158
0.147
0.138
0.108
0.312
1.0
0.034
0.031
-0.028
0.001
-0.09
0.048
-0.043
-0.039
-0.021
0.007
0.005
-0.009
0.007
-0.058
0.066
0.037
-0.018
0.016
0.082
-0.003
0.183
0.024
0.133
0.031
0.11
0.016
0.14
0.074
0.214
0.121
0.111
0.103
0.054
0.027
0.073
0.053
0.019
0.077
0.139
0.042
0.019
-0.006
0.007
0.04
-0.057
0.003
0.008
0.038
0.072
0.096
-0.016
0.134
0.229
0.067
0.035
0.063
-0.027
-0.013
0.042
0.015
-0.017
0.027
0.021
0.04
-0.037
-0.02
0.013
0.052
0.014
0.01
-0.013
0.007
0.008
-0.007
-0.03
0.034
0.017
0.015
0.01
0.023
-0.017
0.035
0.097
0.087
0.047
0.052
0.064
0.017
0.125
0.059
0.114
0.048
0.082
0.028
0.044
-0.009
0.072
0.004
-0.054
0.034
1.0
0.241
0.216
0.199
0.135
0.17
0.05
0.081
0.101
0.163
0.056
0.118
0.001
0.259
0.186
0.213
0.3
0.32
0.209
0.233
0.001
0.102
-0.026
0.086
0.09
-0.016
-0.006
0.031
-0.065
0.07
0.106
0.08
0.015
0.107
0.009
0.002
0.042
0.082
0.029
0.043
0.028
0.014
0.047
0.07
-0.017
-0.012
0.011
0.037
-0.01
0.084
0.029
-0.043
0.05
0.056
0.088
0.001
0.076
0.085
-0.017
0.038
-0.028
0.021
-0.013
0.013
-0.022
0.009
-0.006
0.085
0.016
0.007
-0.086
0.048
0.001
0.034
0.065
-0.005
0.021
-0.011
0.06
0.05
0.019
-0.0
0.02
-0.003
-0.009
-0.024
0.005
0.017
-0.012
0.031
-0.028
-0.038
-0.021
0.046
0.027
-0.034
0.114
0.023
-0.013
0.031
0.241
1.0
0.519
0.446
0.069
0.092
0.046
0.03
0.017
0.084
0.032
0.062
0.029
0.002
0.096
0.231
0.281
0.333
0.239
0.124
-0.023
0.015
-0.033
0.12
-0.065
-0.117
-0.06
-0.034
-0.05
0.073
-0.002
0.066
-0.041
0.103
-0.028
-0.029
0.015
-0.032
-0.079
0.101
0.027
-0.031
-0.032
0.02
-0.097
0.027
-0.056
0.022
-0.0
0.039
-0.01
0.026
0.0
-0.006
0.018
-0.064
-0.045
0.025
0.029
0.053
0.006
-0.006
0.007
-0.003
-0.012
0.023
0.078
0.092
0.006
0.021
0.01
0.077
0.032
0.035
0.055
0.021
0.03
0.014
0.081
-0.007
-0.033
-0.001
-0.02
-0.023
0.036
0.019
0.007
-0.037
-0.031
0.001
-0.051
-0.03
0.056
0.019
-0.011
0.016
0.082
0.053
-0.067
-0.028
0.216
0.519
1.0
0.442
0.099
0.107
0.118
0.022
0.114
0.069
0.07
0.025
-0.018
-0.002
0.107
0.217
0.42
0.455
0.152
0.08
-0.036
0.029
-0.039
0.128
0.032
-0.058
-0.041
0.073
-0.024
0.111
0.086
0.08
-0.002
0.123
0.002
-0.011
0.026
0.029
0.013
0.094
0.019
0.024
0.027
0.078
-0.041
0.168
-0.02
0.057
-0.036
0.113
0.051
0.052
-0.025
0.038
0.097
-0.013
0.029
0.059
-0.061
0.17
0.062
0.037
0.016
0.04
0.104
0.037
0.075
0.045
0.052
0.055
-0.038
0.029
-0.023
0.038
0.096
0.06
0.049
0.051
0.146
-0.021
0.017
0.049
0.024
-0.04
0.038
-0.024
-0.009
-0.022
-0.054
-0.026
0.017
0.049
0.009
0.023
-0.034
-0.003
0.055
0.034
-0.047
0.001
0.199
0.446
0.442
1.0
0.047
0.029
0.094
0.098
0.013
0.004
0.078
0.069
-0.016
0.014
0.226
0.124
0.191
0.201
0.324
0.083
-0.028
0.135
-0.02
0.247
-0.004
-0.045
-0.037
0.114
-0.044
0.099
0.072
0.042
0.015
0.156
-0.001
-0.075
0.044
0.06
-0.017
0.141
-0.052
-0.049
-0.014
-0.002
-0.083
0.027
-0.002
-0.043
-0.03
0.115
0.112
0.127
0.001
0.113
0.091
-0.047
-0.009
0.162
-0.046
0.107
0.083
0.018
0.038
0.037
0.06
0.049
0.066
0.027
0.095
0.086
0.028
0.153
0.048
0.088
0.082
0.093
0.088
0.085
0.032
0.175
0.023
0.043
0.019
-0.152
0.026
0.021
-0.017
-0.054
-0.023
-0.06
-0.018
0.048
0.014
-0.016
0.028
0.046
0.054
0.052
-0.028
-0.09
0.135
0.069
0.099
0.047
1.0
0.349
0.506
0.133
0.391
0.288
0.242
0.083
0.097
0.452
0.021
0.098
-0.014
0.035
-0.084
0.072
0.036
0.104
-0.02
0.104
0.159
0.121
0.119
0.09
-0.001
0.052
0.089
0.064
0.089
0.108
0.09
0.105
0.178
0.175
0.046
0.171
0.047
0.115
0.046
0.111
0.019
0.06
-0.013
-0.067
0.046
0.064
0.16
0.06
0.083
0.117
0.038
0.03
-0.029
0.134
0.014
0.081
0.052
0.048
0.003
0.048
0.061
0.037
0.008
0.032
0.021
0.01
0.027
0.027
0.013
0.078
-0.019
0.084
0.07
0.056
0.065
0.031
0.036
0.062
0.028
0.044
-0.028
0.0
-0.025
-0.069
-0.03
0.043
0.004
0.016
0.047
-0.021
-0.05
0.06
0.03
0.097
0.019
0.048
0.17
0.092
0.107
0.029
0.349
1.0
0.26
0.212
0.345
0.454
0.019
0.238
0.124
0.279
0.097
0.132
0.096
-0.02
-0.042
0.101
-0.025
0.022
-0.087
0.071
0.103
0.017
0.097
0.018
-0.026
0.099
0.088
-0.061
-0.003
0.032
0.004
0.007
0.106
0.017
-0.001
0.02
0.082
0.071
0.094
0.054
0.057
0.09
-0.05
0.077
0.13
0.115
0.065
0.041
0.053
0.115
0.116
0.047
-0.038
0.077
0.018
0.018
0.099
0.026
0.033
0.025
0.127
0.057
0.099
0.017
0.12
0.105
0.089
0.041
0.055
0.09
0.053
0.096
0.091
0.061
0.036
0.041
0.124
0.113
0.091
-0.085
0.101
0.112
0.101
0.035
0.011
0.02
0.053
0.122
0.077
-0.013
0.039
0.129
0.105
0.097
-0.031
-0.043
0.05
0.046
0.118
0.094
0.506
0.26
1.0
0.365
0.51
0.465
0.251
0.211
0.308
0.298
0.166
0.21
0.06
0.085
-0.026
0.098
0.055
0.038
-0.003
0.078
0.047
0.041
0.131
0.028
0.019
0.033
0.064
0.051
0.028
0.028
-0.022
0.187
0.126
0.148
0.001
0.045
-0.006
0.006
0.028
0.052
-0.012
0.07
-0.022
-0.055
0.042
0.022
0.088
0.028
0.068
0.122
0.008
-0.028
-0.044
0.08
-0.009
0.066
0.038
0.014
0.025
0.006
0.11
0.135
0.008
0.039
0.039
0.04
0.024
0.105
0.084
-0.011
-0.017
0.062
-0.006
0.046
0.119
0.018
0.057
0.028
0.03
-0.015
0.018
0.052
0.063
0.051
-0.003
-0.024
0.078
0.022
0.065
0.031
0.052
0.137
0.081
0.04
0.044
-0.039
0.081
0.03
0.022
0.098
0.133
0.212
0.365
1.0
0.47
0.428
0.167
0.437
0.602
0.207
0.165
0.166
0.063
-0.012
-0.042
0.046
-0.017
0.055
-0.011
0.08
0.014
0.111
-0.05
0.04
-0.051
0.016
0.012
0.076
0.012
0.019
-0.057
-0.031
0.069
-0.054
0.008
0.079
-0.017
-0.019
0.056
0.066
0.015
-0.093
0.03
0.001
0.006
0.009
0.016
0.06
-0.023
0.002
-0.008
0.089
0.033
0.011
-0.016
0.054
0.108
0.056
0.046
0.052
0.186
0.131
0.036
0.098
0.106
0.087
0.068
0.021
0.094
0.075
-0.003
0.139
0.073
0.119
0.089
0.157
0.027
0.079
0.085
-0.067
0.019
0.095
0.072
0.027
0.043
0.027
0.053
0.062
0.108
-0.028
0.064
0.123
0.11
0.096
0.001
-0.021
0.101
0.017
0.114
0.013
0.391
0.345
0.51
0.47
1.0
0.409
0.195
0.229
0.435
0.102
0.161
0.305
0.066
0.122
-0.007
0.182
-0.012
-0.01
-0.017
-0.018
0.004
0.03
0.12
-0.005
-0.064
-0.019
0.103
-0.013
-0.024
0.012
-0.113
0.082
0.056
0.004
-0.073
-0.011
0.018
0.067
0.072
0.129
0.026
0.095
0.029
-0.013
0.061
0.044
0.084
0.048
0.062
0.058
0.017
0.038
-0.0
0.02
-0.033
0.074
0.006
-0.036
-0.004
-0.044
0.038
0.047
-0.028
0.012
-0.051
-0.047
-0.008
0.012
-0.006
-0.026
-0.053
0.018
-0.015
0.008
0.06
-0.042
-0.001
0.048
0.139
-0.006
0.028
0.088
0.096
0.037
0.002
0.072
0.083
0.124
0.115
-0.062
-0.006
0.1
0.054
0.082
0.016
0.007
0.163
0.084
0.069
0.004
0.288
0.454
0.465
0.428
0.409
1.0
0.325
0.533
0.353
0.328
0.072
0.151
0.024
0.049
-0.141
0.059
0.017
0.012
-0.02
0.024
0.014
0.073
0.029
-0.041
-0.048
-0.046
0.025
-0.001
0.065
-0.014
-0.038
0.048
0.101
0.041
-0.001
0.004
-0.021
0.047
0.126
0.015
0.022
0.021
-0.005
0.011
0.035
-0.077
0.051
0.008
-0.021
-0.006
-0.03
0.007
-0.013
0.057
0.006
-0.006
0.031
0.032
0.01
0.018
-0.024
-0.035
-0.003
0.004
0.008
0.011
-0.032
-0.018
-0.042
-0.01
-0.073
-0.007
-0.011
-0.006
-0.005
-0.052
0.045
-0.004
0.087
-0.029
0.041
0.063
0.052
0.028
0.023
0.033
0.077
0.039
0.064
0.023
0.015
0.03
0.091
-0.001
0.038
0.005
0.056
0.032
0.07
0.078
0.242
0.019
0.251
0.167
0.195
0.325
1.0
0.166
0.134
0.102
0.075
0.131
0.096
0.095
-0.029
0.122
0.025
0.03
0.026
-0.014
0.015
0.004
0.07
0.006
-0.023
-0.073
0.004
0.104
0.071
-0.013
0.044
-0.01
0.016
0.064
0.02
-0.01
-0.013
0.08
0.023
-0.015
0.01
0.047
-0.061
-0.057
-0.044
-0.041
0.019
-0.022
0.03
-0.019
0.048
-0.039
0.025
0.045
-0.018
-0.011
0.001
-0.03
-0.033
-0.052
-0.01
0.083
-0.018
-0.016
-0.077
-0.088
-0.037
0.091
0.024
-0.022
-0.043
0.033
-0.033
0.019
0.097
-0.061
0.02
0.035
0.124
-0.057
0.02
0.042
0.055
0.02
-0.01
0.049
0.035
0.079
0.026
-0.005
0.061
0.064
0.032
0.003
0.081
-0.009
0.118
0.062
0.025
0.069
0.083
0.238
0.211
0.437
0.229
0.533
0.166
1.0
0.468
0.357
0.106
0.112
0.015
0.039
-0.033
-0.032
-0.043
-0.099
-0.046
-0.041
-0.03
0.055
-0.047
0.005
-0.068
-0.031
0.019
0.005
0.052
-0.032
-0.061
0.011
0.059
0.029
0.004
0.027
-0.075
0.006
0.029
0.051
-0.01
-0.004
0.014
-0.034
0.07
0.025
0.06
0.061
-0.012
0.049
0.021
-0.025
0.018
0.013
-0.045
0.015
0.094
0.043
0.053
0.023
0.104
0.113
-0.03
0.05
0.0
0.003
0.05
0.179
0.086
0.071
0.041
0.097
0.049
0.083
0.145
0.037
-0.0
0.009
0.059
0.043
0.013
0.093
0.097
0.105
0.056
-0.053
0.054
0.019
0.044
-0.005
0.043
0.093
0.067
0.004
0.04
0.007
0.001
0.029
-0.018
-0.016
0.097
0.124
0.308
0.602
0.435
0.353
0.134
0.468
1.0
0.159
0.204
0.161
0.022
0.024
-0.057
0.079
0.042
0.001
0.107
-0.001
-0.002
0.096
-0.064
-0.012
-0.022
0.001
0.061
0.054
0.056
-0.015
-0.11
0.127
0.068
-0.066
-0.018
0.024
-0.027
-0.003
0.043
0.057
-0.002
0.03
0.132
-0.02
0.044
0.021
0.061
0.022
-0.026
0.018
-0.015
0.083
0.029
-0.002
-0.058
0.067
-0.03
0.033
0.016
0.05
-0.006
0.085
0.014
-0.007
-0.019
0.007
0.003
0.213
0.052
0.054
0.035
0.022
0.08
-0.003
0.008
0.066
-0.043
-0.01
0.041
-0.047
0.059
0.061
0.031
-0.059
-0.014
-0.029
0.015
0.041
-0.028
-0.085
0.002
0.037
0.014
-0.033
0.015
-0.058
0.259
0.002
-0.002
0.014
0.452
0.279
0.298
0.207
0.102
0.328
0.102
0.357
0.159
1.0
0.132
0.086
0.063
0.055
-0.074
0.033
-0.037
0.07
-0.012
0.043
0.003
0.114
0.003
0.063
-0.033
-0.03
-0.046
0.073
0.053
0.062
-0.031
0.101
0.08
0.135
0.003
0.16
-0.007
0.044
0.073
0.103
0.064
-0.02
-0.033
0.011
0.118
0.061
0.127
0.043
0.08
0.096
0.037
0.038
0.028
0.023
0.004
0.091
0.062
0.095
0.035
0.116
0.104
0.051
0.047
0.051
0.049
0.064
0.058
0.099
0.054
0.093
-0.034
0.092
0.109
0.043
0.086
0.037
0.055
0.018
-0.027
0.028
0.026
0.061
0.067
-0.01
0.051
-0.018
0.003
0.032
-0.012
0.028
0.08
0.03
0.109
-0.014
0.081
0.066
0.186
0.096
0.107
0.226
0.021
0.097
0.166
0.165
0.161
0.072
0.075
0.106
0.204
0.132
1.0
0.22
0.291
0.15
0.068
0.235
0.02
0.125
0.058
0.059
-0.026
0.014
0.02
0.036
0.045
0.006
0.036
-0.048
-0.012
0.056
0.011
0.023
0.066
-0.025
0.039
0.047
0.078
0.072
0.009
0.069
0.058
-0.019
0.054
0.009
0.037
-0.027
0.045
0.046
0.081
0.019
0.064
0.018
0.11
0.037
0.03
-0.035
-0.004
0.029
-0.085
0.029
0.049
-0.043
0.01
0.095
0.105
0.101
0.004
-0.01
-0.039
0.007
-0.065
0.114
0.002
0.069
0.037
0.136
0.013
0.048
0.064
-0.1
0.021
0.031
0.037
0.049
0.051
0.043
0.005
0.08
-0.01
0.051
0.051
0.081
0.101
0.073
-0.024
0.037
0.213
0.231
0.217
0.124
0.098
0.132
0.21
0.166
0.305
0.151
0.131
0.112
0.161
0.086
0.22
1.0
0.475
0.333
0.295
0.233
-0.07
-0.023
0.022
-0.029
-0.12
-0.145
-0.014
0.003
-0.09
-0.01
-0.056
-0.034
-0.032
0.032
-0.082
0.097
0.051
-0.077
-0.062
-0.065
-0.04
0.02
0.032
-0.006
-0.135
0.038
0.018
0.002
-0.063
0.041
-0.024
-0.069
0.073
-0.029
0.03
-0.026
-0.085
0.073
0.021
0.059
-0.049
-0.01
0.019
-0.012
-0.074
-0.005
0.014
0.083
0.037
0.036
-0.032
0.091
-0.053
0.029
-0.029
-0.013
0.022
-0.043
0.09
0.012
0.023
0.079
-0.03
-0.016
0.036
0.011
-0.012
0.072
0.074
-0.035
-0.036
-0.021
0.02
0.074
0.023
-0.016
0.078
0.031
-0.048
-0.018
0.3
0.281
0.42
0.191
-0.014
0.096
0.06
0.063
0.066
0.024
0.096
0.015
0.022
0.063
0.291
0.475
1.0
0.373
0.246
0.292
-0.051
-0.045
0.013
-0.041
-0.031
-0.044
-0.018
-0.002
-0.051
0.006
-0.05
-0.015
-0.017
0.072
-0.053
0.021
0.0
-0.011
-0.062
-0.056
-0.021
0.041
0.017
0.04
-0.031
0.032
-0.023
0.035
0.005
0.08
-0.026
-0.024
0.055
-0.005
0.148
-0.052
0.065
-0.066
0.014
0.121
0.019
0.09
0.042
0.072
-0.032
0.072
0.094
0.085
-0.009
-0.01
0.013
0.122
0.04
0.098
0.059
0.102
0.083
0.082
0.009
0.014
-0.021
0.047
0.109
-0.026
0.046
0.07
0.114
0.056
0.071
0.046
0.053
0.066
0.1
0.062
0.015
0.009
0.066
0.034
0.008
0.016
0.32
0.333
0.455
0.201
0.035
-0.02
0.085
-0.012
0.122
0.049
0.095
0.039
0.024
0.055
0.15
0.333
0.373
1.0
0.224
0.098
0.006
-0.01
-0.009
0.039
0.021
-0.096
0.051
-0.011
-0.026
0.039
-0.022
0.134
-0.029
0.042
-0.013
0.046
0.024
0.056
-0.034
-0.022
-0.007
0.027
0.071
0.07
-0.061
0.02
-0.01
0.099
-0.032
0.036
0.006
-0.038
-0.01
-0.002
0.024
-0.049
0.058
0.034
-0.023
0.102
-0.012
0.082
-0.021
0.047
0.066
0.029
0.039
0.064
0.098
0.055
0.028
-0.045
0.026
-0.03
0.044
0.025
-0.038
0.011
0.059
0.026
0.039
-0.028
0.008
-0.033
-0.041
-0.074
-0.034
0.048
0.003
0.034
-0.023
-0.049
-0.096
0.161
0.115
-0.027
-0.045
0.025
-0.031
0.082
0.209
0.239
0.152
0.324
-0.084
-0.042
-0.026
-0.042
-0.007
-0.141
-0.029
-0.033
-0.057
-0.074
0.068
0.295
0.246
0.224
1.0
-0.026
0.015
-0.004
-0.019
-0.054
-0.048
-0.104
-0.056
0.039
-0.038
-0.023
-0.062
0.038
-0.057
0.024
0.004
0.007
-0.07
0.032
0.011
-0.018
-0.153
-0.15
-0.115
-0.06
-0.064
0.028
-0.05
-0.044
-0.108
0.12
0.028
-0.027
-0.093
0.037
0.028
-0.101
-0.002
0.066
-0.013
0.018
0.024
-0.021
0.023
-0.009
0.006
-0.07
-0.011
0.04
0.067
0.077
-0.002
-0.01
-0.022
0.027
0.007
0.018
0.037
-0.001
-0.009
0.026
0.088
0.089
0.012
0.074
0.059
0.043
0.03
0.004
0.057
-0.022
0.013
0.009
0.059
-0.027
-0.002
0.058
0.088
0.062
-0.047
-0.003
0.233
0.124
0.08
0.083
0.072
0.101
0.098
0.046
0.182
0.059
0.122
-0.032
0.079
0.033
0.235
0.233
0.292
0.098
-0.026
1.0
-0.04
-0.003
0.01
-0.04
0.078
0.019
0.048
0.006
0.011
0.129
0.013
0.078
-0.028
0.029
-0.04
-0.003
0.04
0.073
-0.053
-0.044
0.111
0.018
0.045
0.01
0.091
0.046
0.06
-0.024
0.009
0.095
-0.005
-0.056
0.009
0.069
0.044
0.018
0.043
0.022
0.048
0.046
0.143
0.125
0.138
0.119
0.173
0.079
0.221
0.217
0.206
0.2
0.199
0.089
0.177
0.089
0.178
0.055
0.083
0.03
0.055
0.011
0.147
0.059
0.034
0.057
0.133
0.096
0.056
0.062
0.025
0.145
0.133
0.046
0.133
0.129
0.056
0.012
-0.059
-0.012
0.074
0.183
0.001
-0.023
-0.036
-0.028
0.036
-0.025
0.055
-0.017
-0.012
0.017
0.025
-0.043
0.042
-0.037
0.02
-0.07
-0.051
0.006
0.015
-0.04
1.0
0.416
0.416
0.237
0.555
0.35
0.32
0.43
0.466
0.391
0.258
0.351
0.29
0.284
0.631
0.388
0.391
0.248
0.519
0.354
-0.035
-0.065
-0.067
0.113
0.065
-0.02
0.068
0.064
-0.005
0.022
0.162
-0.004
0.126
0.112
0.01
0.12
0.063
0.098
0.037
0.025
0.168
0.091
0.187
0.112
0.065
0.126
0.202
0.127
0.19
0.189
0.249
0.112
0.162
0.123
0.148
0.088
0.142
0.078
0.101
0.02
0.142
0.034
0.021
0.009
0.052
0.043
-0.01
-0.012
0.042
0.06
0.03
-0.02
0.05
0.042
0.024
-0.007
-0.019
-0.025
-0.022
0.024
0.102
0.015
0.029
0.135
0.104
0.022
0.038
0.055
-0.01
0.012
0.03
-0.099
0.001
0.07
0.125
-0.023
-0.045
-0.01
-0.004
-0.003
0.416
1.0
0.432
0.432
0.48
0.38
0.312
0.447
0.372
0.422
0.297
0.343
0.347
0.403
0.489
0.322
0.447
0.23
0.439
0.429
0.073
0.003
0.06
0.091
0.045
-0.062
0.131
0.015
0.107
0.017
0.154
0.003
0.172
0.082
-0.009
0.205
0.098
0.146
0.081
0.033
0.187
0.057
0.128
0.066
0.08
0.069
0.22
0.079
0.117
0.128
0.209
0.079
0.115
0.152
0.195
0.097
0.164
0.074
0.043
0.085
0.143
0.218
0.13
0.063
0.206
0.14
0.135
0.172
0.156
0.166
0.115
0.129
0.097
0.062
0.215
0.163
0.069
0.106
0.173
0.133
-0.026
-0.033
-0.039
-0.02
-0.02
-0.087
-0.003
-0.011
-0.017
-0.02
0.026
-0.046
0.107
-0.012
0.058
0.022
0.013
-0.009
-0.019
0.01
0.416
0.432
1.0
0.302
0.418
0.399
0.439
0.35
0.596
0.504
0.239
0.392
0.584
0.427
0.447
0.39
0.532
0.42
0.53
0.486
-0.054
0.001
0.003
0.069
0.023
0.075
0.113
0.108
0.006
0.078
0.066
0.023
0.142
0.1
0.091
0.116
0.041
0.134
0.145
0.159
0.089
0.089
0.114
0.117
0.138
0.148
0.171
0.086
0.134
0.155
0.258
0.153
0.11
0.19
0.138
0.119
0.2
0.113
0.127
0.008
0.031
0.091
-0.007
0.067
0.067
0.021
-0.037
0.052
0.076
0.029
0.04
-0.018
0.099
0.049
-0.079
0.056
0.026
-0.009
0.009
0.031
0.086
0.12
0.128
0.247
0.104
0.071
0.078
0.08
-0.018
0.024
-0.014
-0.041
-0.001
0.043
0.059
-0.029
-0.041
0.039
-0.054
-0.04
0.237
0.432
0.302
1.0
0.393
0.365
0.253
0.319
0.219
0.336
0.225
0.196
0.291
0.4
0.284
0.236
0.384
0.231
0.27
0.328
0.17
0.24
0.162
0.185
-0.019
0.161
0.114
0.136
0.141
0.115
0.156
0.191
0.227
0.207
0.107
0.201
0.08
0.32
0.135
0.196
0.154
0.088
0.194
0.092
0.183
0.084
0.267
0.148
0.093
0.088
0.21
0.066
0.131
0.139
0.208
0.076
0.142
0.073
0.07
0.058
0.146
0.145
0.127
0.141
0.121
0.062
0.044
0.046
0.125
0.137
0.131
0.107
0.23
0.059
0.033
0.006
0.021
0.027
0.085
0.11
0.09
-0.065
0.032
-0.004
0.159
0.103
0.047
0.014
0.004
0.014
0.015
-0.03
-0.002
0.003
-0.026
-0.12
-0.031
0.021
-0.048
0.078
0.555
0.48
0.418
0.393
1.0
0.475
0.402
0.408
0.549
0.629
0.305
0.398
0.336
0.277
0.547
0.334
0.48
0.322
0.5
0.449
-0.007
0.001
0.015
0.117
0.083
-0.054
0.095
0.015
0.001
0.053
0.171
-0.034
0.139
0.136
0.036
0.225
0.074
0.128
0.027
0.042
0.167
0.12
0.155
0.13
0.175
0.224
0.202
0.118
0.189
0.192
0.234
0.187
0.186
0.118
0.14
0.118
0.122
0.13
0.108
0.032
0.034
0.036
0.048
0.035
0.108
0.084
0.043
0.09
0.034
0.037
0.066
0.067
0.13
0.039
0.023
0.095
0.065
-0.003
0.072
0.016
-0.016
-0.117
-0.058
-0.045
0.121
0.017
0.041
0.111
0.03
0.073
0.004
0.055
0.096
0.114
0.014
-0.145
-0.044
-0.096
-0.104
0.019
0.35
0.38
0.399
0.365
0.475
1.0
0.471
0.347
0.336
0.369
0.223
0.319
0.4
0.301
0.356
0.353
0.482
0.417
0.457
0.532
0.032
0.138
-0.006
0.182
0.106
0.02
0.123
0.057
0.13
0.116
0.149
0.032
0.129
0.117
0.075
0.163
0.114
0.124
0.128
0.09
0.179
0.124
0.178
0.099
0.096
0.148
0.257
0.125
0.145
0.156
0.248
0.122
0.201
0.175
0.248
0.167
0.159
0.143
0.049
0.069
0.126
0.22
0.177
0.102
0.223
0.18
0.174
0.122
0.158
0.227
0.195
0.169
0.237
0.066
0.086
0.212
0.178
0.124
0.136
0.14
-0.006
-0.06
-0.041
-0.037
0.119
0.097
0.131
-0.05
0.12
0.029
0.07
-0.047
-0.064
0.003
0.02
-0.014
-0.018
0.051
-0.056
0.048
0.32
0.312
0.439
0.253
0.402
0.471
1.0
0.37
0.414
0.351
0.142
0.314
0.347
0.404
0.362
0.346
0.471
0.357
0.456
0.415
0.052
0.146
0.057
0.131
-0.058
0.066
0.066
0.109
0.072
0.089
0.085
0.056
0.263
0.094
0.059
0.126
0.01
0.011
0.141
0.036
0.194
0.135
0.163
0.145
0.171
0.152
0.32
0.094
0.204
0.204
0.254
0.173
0.192
0.122
0.332
0.161
0.127
0.139
0.133
0.097
0.071
0.076
-0.051
0.02
0.066
0.053
-0.018
0.028
0.023
0.052
0.058
0.014
0.102
0.105
0.004
0.067
0.013
0.036
0.111
0.074
0.031
-0.034
0.073
0.114
0.09
0.018
0.028
0.04
-0.005
-0.041
0.006
0.005
-0.012
0.063
0.036
0.003
-0.002
-0.011
0.039
0.006
0.43
0.447
0.35
0.319
0.408
0.347
0.37
1.0
0.41
0.406
0.25
0.358
0.278
0.396
0.364
0.296
0.379
0.312
0.386
0.421
0.093
0.111
0.064
0.212
0.091
0.104
0.203
0.111
0.097
0.177
0.246
0.137
0.263
0.226
0.137
0.176
0.198
0.148
0.206
0.14
0.208
0.039
0.128
0.048
0.088
0.083
0.265
0.11
0.069
0.063
0.222
0.022
0.191
0.088
0.242
0.101
0.102
0.138
0.045
0.079
0.185
0.161
0.117
0.062
0.204
0.126
0.104
0.16
0.091
0.178
0.134
0.115
0.183
0.14
0.143
0.101
0.072
0.098
0.276
0.214
-0.065
-0.05
-0.024
-0.044
-0.001
-0.026
0.019
-0.051
-0.064
-0.048
-0.023
-0.068
-0.022
-0.033
0.045
-0.09
-0.051
-0.026
-0.038
0.011
0.466
0.372
0.596
0.219
0.549
0.336
0.414
0.41
1.0
0.514
0.234
0.373
0.363
0.28
0.534
0.307
0.405
0.32
0.535
0.369
-0.036
-0.031
-0.018
0.065
0.025
0.014
0.102
0.046
0.072
0.046
0.084
0.001
0.096
0.072
0.036
0.098
0.003
0.065
0.063
0.068
0.193
0.039
0.092
0.043
0.131
0.027
0.223
0.088
0.096
0.076
0.164
0.052
0.111
0.083
0.153
0.049
0.083
0.036
0.073
0.013
0.222
0.181
0.116
0.109
0.173
0.107
0.071
0.123
0.089
0.116
0.142
0.123
0.209
-0.006
0.077
0.152
0.13
0.151
0.145
0.121
0.07
0.073
0.111
0.099
0.052
0.099
0.033
0.016
-0.019
-0.046
-0.073
-0.031
0.001
-0.03
0.006
-0.01
0.006
0.039
-0.023
0.129
0.391
0.422
0.504
0.336
0.629
0.369
0.351
0.406
0.514
1.0
0.219
0.395
0.417
0.335
0.436
0.34
0.52
0.362
0.46
0.455
0.032
-0.015
-0.008
0.124
0.055
-0.0
0.088
0.026
0.05
0.082
0.074
0.044
0.095
0.093
0.059
0.15
-0.003
0.215
0.08
0.059
0.146
0.081
0.127
0.088
0.101
0.09
0.166
0.12
0.077
0.061
0.165
0.024
0.153
0.143
0.188
0.172
0.154
0.173
0.165
0.049
0.055
-0.01
0.037
0.056
-0.007
0.012
-0.002
-0.034
0.039
0.012
0.058
-0.023
0.05
0.07
-0.069
0.073
-0.026
0.008
0.079
0.111
0.106
-0.002
0.086
0.072
0.089
0.088
0.064
0.012
0.103
0.025
0.004
0.019
0.061
-0.046
0.036
-0.056
-0.05
-0.022
-0.062
0.013
0.258
0.297
0.239
0.225
0.305
0.223
0.142
0.25
0.234
0.219
1.0
0.22
0.275
0.212
0.242
0.165
0.234
0.156
0.222
0.24
0.095
0.053
0.083
0.165
0.043
0.136
0.095
0.163
0.125
0.12
0.158
0.056
0.259
0.154
0.152
0.179
0.26
0.137
0.123
0.119
0.049
0.049
0.158
0.069
0.04
0.08
0.269
0.076
0.047
0.08
0.125
0.082
0.106
0.005
0.137
0.057
0.037
0.032
0.053
-0.012
0.13
0.121
0.128
0.098
0.193
0.124
0.142
0.063
0.103
0.127
0.169
0.109
0.174
0.102
0.108
0.118
0.136
0.043
0.136
0.103
0.08
0.066
0.08
0.042
0.064
-0.061
0.051
0.076
-0.013
-0.001
0.104
0.005
0.054
0.073
-0.048
-0.034
-0.015
0.134
0.038
0.078
0.351
0.343
0.392
0.196
0.398
0.319
0.314
0.358
0.373
0.395
0.22
1.0
0.319
0.255
0.4
0.353
0.378
0.277
0.428
0.377
-0.024
-0.027
-0.031
0.044
-0.008
0.013
0.073
-0.009
-0.014
0.089
0.05
-0.013
0.056
0.05
0.087
0.106
0.03
-0.039
-0.004
0.106
0.194
0.145
0.092
0.139
0.054
0.101
0.188
0.104
0.15
0.136
0.123
0.152
0.109
0.073
0.095
0.076
0.088
0.086
0.161
0.044
0.085
0.162
0.048
0.043
0.127
0.082
0.041
0.094
0.111
0.123
0.055
0.046
0.148
-0.012
0.029
0.155
0.073
0.102
0.097
0.054
0.015
-0.041
-0.002
0.015
0.089
-0.003
0.028
0.012
-0.024
0.065
0.071
0.052
0.056
0.053
-0.012
-0.032
-0.017
-0.029
-0.057
-0.028
0.29
0.347
0.584
0.291
0.336
0.4
0.347
0.278
0.363
0.417
0.275
0.319
1.0
0.316
0.364
0.269
0.53
0.413
0.413
0.457
0.042
0.08
0.03
0.028
0.033
0.071
0.076
0.012
0.105
0.025
0.137
-0.029
0.143
0.156
0.127
0.083
0.087
0.163
0.146
0.068
0.17
0.114
0.114
0.119
0.06
0.109
0.191
0.191
0.136
0.173
0.237
0.173
0.179
0.164
0.272
0.092
0.179
0.055
0.207
0.106
0.053
0.166
-0.06
-0.056
0.111
0.031
-0.02
-0.04
0.012
-0.028
0.002
0.001
0.11
0.103
0.017
0.077
0.057
0.031
0.018
0.027
0.107
0.103
0.123
0.156
0.108
0.032
0.028
0.019
0.012
-0.014
-0.013
-0.032
-0.015
0.062
0.056
0.032
0.072
0.042
0.024
0.029
0.284
0.403
0.427
0.4
0.277
0.301
0.404
0.396
0.28
0.335
0.212
0.255
0.316
1.0
0.279
0.228
0.53
0.297
0.384
0.424
0.028
0.099
0.092
0.217
0.056
0.183
0.098
0.138
0.184
0.112
0.2
0.145
0.23
0.222
0.149
0.11
0.144
0.101
0.183
0.179
0.115
0.071
0.115
0.071
0.055
0.03
0.241
0.187
0.093
0.091
0.145
0.053
0.101
0.048
0.099
0.081
0.059
0.054
0.044
-0.015
0.136
0.058
0.018
-0.015
0.095
0.041
0.04
0.003
-0.001
0.097
0.061
0.035
0.058
0.2
0.113
-0.009
-0.002
-0.0
0.116
0.073
0.009
-0.028
0.002
-0.001
0.09
0.004
-0.022
-0.057
-0.113
-0.038
0.044
-0.061
-0.11
-0.031
0.011
-0.082
-0.053
-0.013
0.004
-0.04
0.631
0.489
0.447
0.284
0.547
0.356
0.362
0.364
0.534
0.436
0.242
0.4
0.364
0.279
1.0
0.382
0.462
0.306
0.647
0.393
-0.051
0.042
-0.03
0.073
0.007
-0.022
0.031
0.031
0.017
0.009
0.103
-0.039
0.08
0.078
0.039
0.066
0.005
0.077
0.067
-0.012
0.149
0.115
0.184
0.146
0.211
0.122
0.261
0.22
0.218
0.247
0.235
0.148
0.131
0.198
0.112
0.149
0.216
0.095
0.036
0.086
0.081
0.005
0.065
-0.035
0.096
0.082
0.064
0.046
0.067
0.094
0.022
0.028
0.075
0.034
0.058
0.097
0.014
0.023
0.075
0.053
0.002
-0.029
-0.011
-0.075
0.105
0.007
0.187
-0.031
0.082
0.048
-0.01
0.011
0.127
0.101
0.023
0.097
0.021
0.046
0.007
-0.003
0.388
0.322
0.39
0.236
0.334
0.353
0.346
0.296
0.307
0.34
0.165
0.353
0.269
0.228
0.382
1.0
0.377
0.331
0.397
0.298
0.028
0.01
0.049
0.046
-0.016
0.092
0.097
0.019
0.036
0.056
0.023
-0.048
0.176
0.046
0.036
0.145
0.072
0.071
0.069
0.132
0.283
0.131
0.139
0.146
0.082
0.154
0.306
0.145
0.227
0.258
0.189
0.177
0.207
0.17
0.091
0.157
0.185
0.132
0.188
0.071
0.076
0.172
0.063
0.016
0.145
0.11
0.083
0.034
0.093
0.075
0.089
0.114
0.128
0.035
0.029
0.11
0.095
0.074
0.025
0.019
0.042
0.015
0.026
0.044
0.178
0.106
0.126
0.069
0.056
0.101
0.016
0.059
0.068
0.08
0.066
0.051
0.0
0.024
-0.07
0.04
0.391
0.447
0.532
0.384
0.48
0.482
0.471
0.379
0.405
0.52
0.234
0.378
0.53
0.53
0.462
0.377
1.0
0.479
0.529
0.572
0.046
0.102
0.105
0.11
0.035
0.073
0.113
0.091
0.141
0.025
0.17
0.078
0.166
0.165
0.09
0.144
0.048
0.226
0.151
0.152
0.343
0.232
0.198
0.25
0.232
0.206
0.327
0.208
0.226
0.247
0.188
0.197
0.207
0.173
0.21
0.21
0.21
0.201
0.181
0.154
0.102
0.158
0.06
0.073
0.19
0.103
0.105
0.107
0.083
0.117
0.098
0.105
0.188
0.01
0.113
0.205
0.081
0.152
0.112
0.077
0.082
-0.032
0.029
0.06
0.175
0.017
0.148
-0.054
0.004
0.041
0.064
0.029
-0.066
0.135
-0.025
-0.077
-0.011
0.056
0.032
0.073
0.248
0.23
0.42
0.231
0.322
0.417
0.357
0.312
0.32
0.362
0.156
0.277
0.413
0.297
0.306
0.331
0.479
1.0
0.376
0.39
0.12
0.045
0.047
0.24
0.151
0.085
0.08
0.09
0.074
0.098
0.216
0.024
0.168
0.269
0.094
0.083
0.156
0.162
0.016
0.303
0.157
0.076
0.179
0.076
0.106
0.13
0.387
0.155
0.106
0.126
0.196
0.086
0.242
0.1
0.219
0.099
0.112
0.077
0.073
0.041
0.177
0.156
0.086
0.006
0.207
0.11
0.116
-0.0
0.057
0.158
0.107
0.11
0.186
0.13
0.144
0.11
0.05
0.011
0.189
0.139
0.029
-0.079
0.013
-0.017
0.046
-0.001
0.001
0.008
-0.073
-0.001
0.02
0.004
-0.018
0.003
0.039
-0.062
-0.062
-0.034
0.011
-0.053
0.519
0.439
0.53
0.27
0.5
0.457
0.456
0.386
0.535
0.46
0.222
0.428
0.413
0.384
0.647
0.397
0.529
0.376
1.0
0.589
-0.023
0.031
-0.04
0.12
0.005
0.013
0.017
0.037
0.015
0.028
0.116
-0.006
0.13
0.075
0.045
0.178
0.032
0.064
0.107
0.073
0.121
0.091
0.187
0.102
0.154
0.171
0.293
0.104
0.12
0.138
0.147
0.15
0.217
0.187
0.235
0.098
0.198
0.091
0.079
0.052
0.093
0.143
0.086
-0.051
0.113
0.094
0.062
0.015
0.054
0.091
0.061
0.097
0.179
0.051
0.055
0.095
0.098
0.065
0.17
0.042
0.043
0.101
0.094
0.141
0.171
0.02
0.045
0.079
-0.011
0.004
-0.01
0.027
0.024
0.16
0.047
-0.065
-0.056
-0.022
-0.018
-0.044
0.354
0.429
0.486
0.328
0.449
0.532
0.415
0.421
0.369
0.455
0.24
0.377
0.457
0.424
0.393
0.298
0.572
0.39
0.589
1.0
0.033
0.079
-0.012
0.077
-0.011
-0.011
0.076
0.066
0.082
0.085
0.117
0.069
0.164
0.085
0.005
0.19
0.01
0.104
0.146
0.126
0.076
0.059
0.054
0.08
0.151
0.102
0.008
0.083
0.107
0.125
0.134
0.136
0.087
0.155
0.121
0.04
0.15
0.066
0.086
0.005
0.114
0.031
0.027
0.128
-0.012
0.023
0.023
0.012
-0.045
0.006
-0.024
-0.026
0.111
0.112
0.027
0.049
-0.024
0.025
0.041
0.019
0.028
0.027
0.019
-0.052
0.047
0.082
-0.006
-0.017
0.018
-0.021
-0.013
-0.075
-0.027
-0.007
0.078
-0.04
-0.021
-0.007
-0.153
0.111
-0.035
0.073
-0.054
0.17
-0.007
0.032
0.052
0.093
-0.036
0.032
0.095
-0.024
0.042
0.028
-0.051
0.028
0.046
0.12
-0.023
0.033
1.0
0.377
0.201
0.192
0.21
0.308
0.235
0.231
0.293
0.113
0.226
0.141
0.177
0.244
0.182
0.162
0.215
0.204
0.182
0.134
0.027
0.067
0.082
0.062
0.022
0.096
0.014
0.019
0.06
0.069
0.168
0.127
0.084
0.071
-0.007
0.099
0.054
0.12
0.092
0.067
-0.012
-0.006
-0.042
0.015
-0.078
-0.028
-0.067
0.091
0.037
-0.026
-0.036
-0.007
0.099
0.07
0.005
0.011
0.024
0.002
0.015
-0.006
0.014
-0.031
0.024
-0.049
0.115
0.071
0.006
-0.019
0.067
0.047
0.08
0.006
-0.003
0.044
0.072
0.02
0.041
0.027
-0.15
0.018
-0.065
0.003
0.001
0.24
0.001
0.138
0.146
0.111
-0.031
-0.015
0.053
-0.027
0.08
0.099
0.042
0.01
0.102
0.045
0.031
0.079
0.377
1.0
0.267
0.214
0.177
0.341
0.168
0.219
0.299
0.211
0.222
0.234
0.287
0.252
0.291
0.145
0.203
0.174
0.334
0.091
0.132
0.063
0.14
0.076
-0.0
0.129
0.013
0.065
0.07
0.101
0.141
0.055
0.088
0.145
0.103
0.124
0.156
0.127
0.138
0.075
-0.006
-0.039
-0.009
0.034
-0.035
-0.009
-0.023
-0.021
0.073
-0.001
0.032
-0.048
-0.026
0.028
-0.037
0.04
-0.038
0.011
-0.019
0.007
0.047
-0.032
0.027
-0.014
0.046
0.094
0.028
0.056
0.072
0.126
0.023
0.029
0.043
0.073
0.009
0.032
0.017
0.071
-0.115
0.045
-0.067
0.06
0.003
0.162
0.015
-0.006
0.057
0.064
-0.018
-0.008
0.083
-0.031
0.03
0.092
-0.03
0.049
0.105
0.047
-0.04
-0.012
0.201
0.267
1.0
0.302
0.243
0.214
0.246
0.279
0.231
0.123
0.245
0.151
0.221
0.219
0.259
0.068
0.206
0.185
0.252
0.169
0.238
0.166
0.205
0.187
0.178
0.235
0.149
0.1
0.13
0.146
0.222
0.154
0.238
0.172
0.129
0.166
0.183
0.18
0.211
0.128
0.067
0.095
-0.048
0.078
0.006
-0.025
-0.05
0.02
0.088
-0.036
-0.023
0.023
0.116
0.079
0.06
0.232
0.221
0.03
0.032
0.04
0.07
0.02
0.078
-0.002
0.111
0.054
0.052
0.066
0.129
0.015
-0.015
0.051
0.057
0.103
0.069
-0.006
0.04
0.07
-0.06
0.01
0.113
0.091
0.069
0.185
0.117
0.182
0.131
0.212
0.065
0.124
0.165
0.044
0.028
0.217
0.073
0.046
0.11
0.24
0.12
0.077
0.192
0.214
0.302
1.0
0.244
0.298
0.277
0.25
0.193
0.151
0.345
0.274
0.254
0.33
0.283
0.147
0.334
0.149
0.152
0.208
0.154
0.097
0.123
0.089
0.061
0.133
0.085
0.009
0.063
0.08
0.173
0.107
0.053
0.112
0.112
-0.036
0.126
-0.018
0.065
0.056
0.015
0.004
-0.102
0.087
-0.111
-0.13
-0.148
-0.054
-0.065
-0.096
-0.102
-0.079
-0.084
0.043
0.062
-0.01
-0.01
0.054
-0.034
-0.057
-0.017
-0.097
-0.041
-0.083
0.019
0.057
-0.012
0.015
0.026
0.022
0.01
-0.01
-0.002
0.064
0.058
-0.135
-0.031
-0.061
-0.064
0.091
0.065
0.045
0.023
-0.019
0.083
0.106
-0.058
0.091
0.025
0.055
0.043
-0.008
0.033
0.056
0.007
-0.016
0.035
0.151
0.005
-0.011
0.21
0.177
0.243
0.244
1.0
0.087
0.233
0.259
0.186
0.148
0.25
0.088
0.081
0.233
0.209
0.074
0.446
0.172
0.147
0.075
0.105
0.092
0.099
0.11
0.136
0.06
0.049
0.08
0.093
0.121
0.224
0.061
0.073
0.126
0.099
0.171
0.133
0.178
0.113
0.066
-0.002
0.006
0.022
0.002
0.002
0.028
-0.012
0.026
0.08
0.022
-0.004
-0.073
0.097
0.047
0.035
0.067
0.028
0.091
0.053
0.003
-0.012
0.027
0.168
0.027
0.06
0.09
0.07
-0.093
0.095
0.021
0.047
-0.004
0.03
-0.02
-0.019
0.038
0.032
0.02
0.028
0.046
-0.02
-0.062
0.075
0.161
-0.054
0.02
0.066
0.104
0.014
-0.0
0.136
0.013
0.071
0.183
-0.022
0.092
0.073
0.085
0.013
-0.011
0.308
0.341
0.214
0.298
0.087
1.0
0.111
0.293
0.297
0.345
0.302
0.314
0.193
0.373
0.317
0.168
0.137
0.241
0.146
0.28
0.166
-0.004
0.115
0.01
0.161
0.082
0.084
-0.0
0.114
0.11
0.146
0.063
0.048
0.109
0.147
0.077
0.113
0.076
0.044
0.062
0.139
0.064
0.036
0.168
0.001
0.025
-0.004
0.11
0.167
0.05
0.024
0.035
0.059
0.174
0.016
0.042
0.056
0.102
0.072
0.008
0.011
-0.056
-0.02
-0.002
-0.013
-0.05
-0.022
0.03
0.029
-0.005
-0.061
0.014
0.132
-0.033
0.054
0.018
-0.023
-0.01
-0.05
0.06
0.068
0.131
0.113
0.114
0.095
0.123
0.066
0.203
0.102
0.088
0.095
0.073
0.076
0.098
0.031
0.097
0.113
0.08
0.017
0.076
0.235
0.168
0.246
0.277
0.233
0.111
1.0
0.185
0.164
0.076
0.204
0.044
0.114
0.276
0.14
0.06
0.193
0.145
0.071
0.203
0.078
0.1
0.149
0.11
0.121
0.095
0.035
-0.04
0.082
0.118
0.298
0.071
0.168
0.148
0.086
0.104
0.168
0.099
0.096
-0.036
-0.058
-0.055
-0.016
0.074
-0.089
-0.003
-0.042
0.093
-0.014
-0.028
-0.01
-0.002
-0.04
0.106
-0.041
-0.01
-0.051
0.138
0.08
0.038
0.037
0.022
0.057
-0.043
-0.067
0.077
-0.055
0.001
-0.013
0.011
-0.057
-0.034
-0.02
0.011
0.009
0.002
0.035
0.099
-0.044
-0.024
0.064
0.015
0.108
0.136
0.015
0.057
0.109
0.111
0.046
0.026
0.163
-0.009
0.012
0.138
0.031
0.019
0.091
0.09
0.037
0.066
0.231
0.219
0.279
0.25
0.259
0.293
0.185
1.0
0.305
0.241
0.174
0.257
0.198
0.287
0.338
0.177
0.246
0.158
0.271
0.238
0.083
0.045
0.116
0.045
-0.033
0.131
0.064
-0.027
0.083
0.059
0.157
0.104
0.123
0.134
0.114
0.09
0.129
0.104
0.167
0.039
-0.05
0.057
0.005
0.035
-0.033
0.032
-0.032
0.103
-0.031
0.007
-0.035
-0.012
0.064
0.11
-0.004
0.018
0.003
-0.033
0.041
0.072
-0.01
-0.0
-0.036
-0.03
0.046
0.13
0.042
0.006
0.061
0.035
-0.044
0.07
0.044
0.118
0.037
-0.063
0.005
-0.032
-0.108
0.009
-0.005
0.107
0.006
0.141
0.001
0.13
0.072
0.097
0.072
0.05
0.125
-0.014
0.105
0.184
0.017
0.036
0.141
0.074
0.015
0.082
0.293
0.299
0.231
0.193
0.186
0.297
0.164
0.305
1.0
0.202
0.264
0.211
0.233
0.402
0.298
0.156
0.206
0.14
0.209
0.227
0.105
0.164
0.122
0.175
0.092
0.057
0.079
0.043
0.122
0.147
0.134
0.171
0.055
0.208
0.274
0.15
0.205
0.142
0.178
0.163
-0.002
0.035
0.001
0.046
0.021
0.005
-0.022
0.109
-0.001
0.062
-0.024
-0.068
0.039
0.053
0.041
-0.011
0.014
0.006
0.029
0.096
0.084
0.039
0.113
0.115
0.064
0.115
0.022
0.009
0.044
-0.077
-0.041
0.025
0.021
0.061
-0.027
0.041
0.08
0.036
0.12
0.095
0.022
0.017
0.078
0.115
0.053
0.116
0.089
0.177
0.046
0.082
0.12
0.089
0.025
0.112
0.009
0.056
0.025
0.098
0.028
0.085
0.113
0.211
0.123
0.151
0.148
0.345
0.076
0.241
0.202
1.0
0.231
0.226
0.177
0.331
0.381
0.205
0.186
0.122
0.156
0.228
0.315
0.268
0.226
0.274
0.258
0.288
0.258
0.262
0.306
0.306
0.279
0.18
0.301
0.22
0.211
0.265
0.237
0.294
0.385
0.207
-0.001
-0.044
-0.052
-0.071
-0.018
-0.004
-0.046
-0.006
-0.043
-0.071
-0.009
0.0
0.059
0.018
0.071
-0.0
-0.028
-0.01
0.011
-0.016
0.029
-0.01
0.051
0.112
0.16
0.065
0.088
0.016
0.084
0.051
0.019
0.06
0.061
0.127
0.045
-0.024
-0.026
0.006
0.028
-0.005
0.162
0.154
0.066
0.156
0.171
0.149
0.085
0.246
0.084
0.074
0.158
0.05
0.137
0.2
0.103
0.023
0.17
0.216
0.116
0.117
0.226
0.222
0.245
0.345
0.25
0.302
0.204
0.174
0.264
0.231
1.0
0.174
0.207
0.457
0.348
0.112
0.249
0.141
0.206
0.171
0.136
0.067
0.118
0.072
0.043
0.113
0.037
-0.012
0.056
0.074
0.092
0.063
0.1
0.169
0.126
0.136
0.138
0.141
0.091
0.058
-0.001
0.008
0.006
0.151
0.009
0.041
0.016
0.094
0.057
0.02
0.012
0.041
0.07
-0.004
0.126
0.109
0.029
0.047
0.042
0.134
-0.043
0.026
0.052
0.127
0.06
0.041
0.028
0.06
0.048
0.008
-0.022
0.061
0.022
0.043
0.046
-0.069
-0.024
-0.038
-0.027
-0.056
-0.004
0.003
0.023
0.191
-0.034
0.032
0.056
0.137
0.001
0.044
0.056
-0.013
-0.029
0.145
-0.039
-0.048
0.078
0.024
-0.006
0.069
0.141
0.234
0.151
0.274
0.088
0.314
0.044
0.257
0.211
0.226
0.174
1.0
0.265
0.2
0.272
0.169
0.126
0.218
0.288
0.245
0.2
0.103
0.163
0.11
0.193
0.105
0.081
0.181
0.116
0.109
0.273
0.169
0.138
0.248
0.26
0.168
0.24
0.147
0.216
0.206
0.033
0.069
-0.007
0.088
0.038
0.065
0.014
-0.005
0.116
0.106
0.038
0.03
0.086
0.033
0.065
0.039
0.06
0.061
0.124
0.229
0.05
0.0
-0.025
0.001
0.083
0.053
0.068
-0.023
0.062
-0.021
0.03
-0.012
-0.026
0.08
0.081
0.073
0.055
-0.01
-0.093
0.009
0.126
0.172
0.142
0.227
0.139
0.129
0.263
0.263
0.096
0.095
0.259
0.056
0.143
0.23
0.08
0.176
0.166
0.168
0.13
0.164
0.177
0.287
0.221
0.254
0.081
0.193
0.114
0.198
0.233
0.177
0.207
0.265
1.0
0.255
0.168
0.331
0.255
0.117
0.326
0.164
0.343
0.299
0.318
0.291
0.281
0.299
0.289
0.149
0.28
0.272
0.234
0.125
0.29
0.287
0.198
0.275
0.289
0.276
0.258
0.211
0.037
0.091
0.013
0.067
0.033
0.029
-0.023
0.071
0.036
0.079
0.013
0.038
0.057
0.091
0.027
0.11
0.06
0.046
-0.024
0.067
0.056
-0.006
0.038
0.113
0.117
0.115
0.122
0.002
0.058
-0.006
-0.019
0.049
0.018
0.096
0.019
-0.029
-0.005
-0.002
0.037
0.069
0.112
0.082
0.1
0.207
0.136
0.117
0.094
0.226
0.072
0.093
0.154
0.05
0.156
0.222
0.078
0.046
0.165
0.269
0.075
0.085
0.244
0.252
0.219
0.33
0.233
0.373
0.276
0.287
0.402
0.331
0.457
0.2
0.255
1.0
0.357
0.091
0.176
0.206
0.228
0.259
0.148
0.077
0.113
0.083
0.12
0.164
0.145
0.01
0.039
0.04
0.22
0.124
0.107
0.087
0.053
0.183
0.078
0.196
0.19
0.063
0.007
0.041
-0.024
0.019
-0.026
-0.008
-0.048
0.036
0.058
-0.038
-0.008
-0.003
0.039
0.059
0.012
0.058
0.062
0.017
0.052
0.035
0.088
0.018
0.097
0.091
0.038
0.116
0.008
-0.008
0.017
-0.03
0.048
0.021
-0.015
0.037
0.064
0.03
0.148
0.024
0.028
0.044
0.01
-0.009
0.091
0.107
0.036
0.075
0.059
0.137
0.036
0.059
0.152
0.087
0.127
0.149
0.039
0.036
0.09
0.094
0.045
0.005
0.182
0.291
0.259
0.283
0.209
0.317
0.14
0.338
0.298
0.381
0.348
0.272
0.168
0.357
1.0
0.123
0.352
0.193
0.347
0.225
0.1
0.035
0.177
0.047
0.216
0.103
0.014
0.108
0.049
0.065
0.159
0.143
0.1
0.114
0.158
0.086
0.098
0.09
0.088
0.236
-0.011
-0.002
-0.007
0.075
-0.006
0.052
0.026
0.04
0.047
0.033
0.027
-0.003
0.148
-0.011
-0.003
0.013
0.004
-0.005
0.107
0.063
0.001
-0.064
-0.013
-0.047
0.03
0.047
-0.028
0.089
0.038
0.007
-0.039
-0.025
0.083
0.038
0.018
-0.026
-0.052
-0.049
-0.101
0.018
0.12
0.205
0.116
0.201
0.225
0.163
0.126
0.176
0.098
0.15
0.179
0.106
0.083
0.11
0.066
0.145
0.144
0.083
0.178
0.19
0.162
0.145
0.068
0.147
0.074
0.168
0.06
0.177
0.156
0.205
0.112
0.169
0.331
0.091
0.123
1.0
0.21
0.144
0.092
0.113
0.187
0.173
0.184
0.181
0.149
0.235
0.1
0.061
0.09
0.099
0.22
0.203
0.139
0.095
0.13
0.104
0.107
0.121
0.216
0.107
-0.037
-0.028
-0.097
0.069
-0.056
-0.06
-0.044
-0.094
0.043
-0.015
-0.073
-0.107
0.03
0.061
0.046
-0.071
-0.082
-0.019
-0.011
-0.027
0.076
-0.045
0.029
-0.009
-0.029
-0.038
-0.044
0.033
-0.0
-0.013
0.025
0.018
0.029
0.028
0.11
-0.085
0.065
0.058
-0.002
0.043
0.063
0.098
0.041
0.08
0.074
0.114
0.01
0.198
0.003
-0.003
0.26
0.03
0.087
0.144
0.005
0.072
0.048
0.156
0.032
0.01
0.215
0.203
0.206
0.334
0.446
0.137
0.193
0.246
0.206
0.186
0.249
0.126
0.255
0.176
0.352
0.21
1.0
0.069
0.179
0.14
0.145
0.057
-0.012
0.077
0.205
0.031
-0.034
-0.0
0.163
0.133
0.171
0.066
0.036
0.117
0.077
0.04
0.091
0.068
0.076
0.081
-0.007
-0.038
-0.034
0.012
-0.071
-0.065
-0.108
-0.049
-0.038
-0.029
-0.046
-0.026
-0.055
-0.038
0.007
0.014
-0.048
0.001
-0.009
-0.013
0.085
0.025
0.059
0.162
0.134
0.077
0.08
0.011
0.02
0.057
0.045
0.013
-0.002
0.023
0.037
0.073
-0.066
0.034
0.066
0.022
0.098
0.146
0.134
0.32
0.128
0.124
0.011
0.148
0.065
0.215
0.137
-0.039
0.163
0.101
0.077
0.071
0.226
0.162
0.064
0.104
0.204
0.174
0.185
0.149
0.172
0.241
0.145
0.158
0.14
0.122
0.141
0.218
0.117
0.206
0.193
0.144
0.069
1.0
0.211
0.143
0.068
0.03
0.058
0.027
0.029
0.067
0.014
-0.064
0.082
0.085
0.163
0.072
0.086
0.106
0.066
0.076
0.082
0.08
0.109
0.127
-0.019
-0.009
-0.038
0.008
-0.078
-0.051
-0.086
0.064
0.023
0.015
-0.068
-0.027
-0.119
0.041
0.015
-0.032
-0.042
0.011
-0.007
0.042
-0.017
0.029
-0.061
-0.046
0.014
0.018
-0.009
-0.016
-0.033
0.006
-0.018
-0.045
-0.058
0.004
0.03
0.021
0.014
-0.023
-0.013
0.048
0.037
0.081
0.145
0.135
0.027
0.128
0.141
0.206
0.063
0.08
0.123
-0.004
0.146
0.183
0.067
0.069
0.151
0.016
0.107
0.146
0.182
0.334
0.252
0.152
0.147
0.146
0.071
0.271
0.209
0.156
0.206
0.288
0.326
0.228
0.347
0.092
0.179
0.211
1.0
0.058
0.198
0.096
0.163
0.129
0.128
0.189
0.175
0.122
0.147
0.168
0.159
0.144
0.163
0.211
0.212
0.148
0.221
0.138
0.168
0.152
-0.014
0.087
-0.036
0.1
0.076
0.082
0.014
0.052
0.035
-0.025
-0.009
-0.001
0.074
0.019
-0.005
0.094
0.041
-0.026
0.047
0.015
0.038
0.053
0.17
0.107
0.081
0.018
0.066
0.054
0.074
-0.006
-0.011
0.015
0.067
0.091
-0.035
0.059
0.121
0.102
0.018
0.046
0.025
0.033
0.159
0.196
0.042
0.09
0.036
0.14
0.068
0.059
0.119
0.106
0.068
0.179
-0.012
0.132
0.152
0.303
0.073
0.126
0.134
0.091
0.169
0.208
0.075
0.28
0.203
0.238
0.227
0.228
0.171
0.245
0.164
0.259
0.225
0.113
0.14
0.143
0.058
1.0
